20260506184308
20260506184322
20260506184341
20260506184400
20260506184416
20260506184437
20260506192422
20260506192436
20260506192802
20260506225219
20260506225811
20260509171032
20260509171951
20260509172017
20260509172828
20260509172856
20260509174013
20260509192124
20260509194804
20260509195549
20260509202938
20260509210120
20260512174149
20260512180010
20260512184415
20260512185003
20260512185108
20260512185413
20260512190345
20260512191106
20260512191402
20260512191427
20260512192116
20260512193121
20260512193213
20260512193438
20260512193749
20260512193900
20260512200248
20260513085306
20260514051816
20260514052457
20260514060725
20260514061738
20260514063758
20260514070924
20260514090233
20260516074340
20260517121839
20260517121850
20260517121917
20260517123332
20260517220320
20260522082424
20260522082433
20260522082444
20260522105005
20260522105032
20260522131234
20260522135232
20260522165245
20260522165315
20260522165337
20260522165347
20260522165404
20260522165419
20260522165507
20260522165542
20260522165635
20260522170021
20260522172420
20260522172907
20260522173041
20260522173105
20260522173321
20260522184244
20260522201207
20260524061302
20260524100916
20260524114950
20260524144800
20260524155752
20260524161907
20260524185417
20260524192144
20260524193814
20260524200122
20260525160045
20260525161220
20260527163855
20260528155051
20260528180109
20260528205103
20260529055643
20260529142435
20260530080541
20260530084947
20260530090509
20260530091750
20260530093110
20260531174231
20260619192039
20260620160131
20260620160133
20260621133806
20260621133816
20260621133823
20260621180049
20260621221624
20260621221904
20260622045754
20260622050824
20260622053129
20260622053842
20260622054533
20260622150716
20260622151641
20260622164918
20260623014714
20260625174904
20260625174935
20260625175324
20260625183035
20260626211252
20260627004640
20260627054016
20260627054454
20260627081817
20260627213410
20260627214636
20260627214828
20260627215824
20260628050129
20260628110827
20260628114702
20260628115613
20260628120509
20260628132112
20260628133452
20260628134705
20260714190000
20260717095820
20260717193000
20260718150000
20260719163000
20260719191500
20260720120000
20260720121000
20260720122000
20260720140000
20260720141000
20260720142000
20260720143000
20260720144000
20260720150000
20260720160000
20260720170050
20260720170450
20260720173639
20260720175647
20260722043210
20260722043253
20260722043337
20260722043424
20260722052307
20260722230501
20260722234445
20260722234546
20260722234610
20260723140108
20260723140120
20260723141459
20260723141615
20260723141633
20260723141819
20260723142019
20260723142103
20260723142151
20260723142250
20260723143016
20260724030934
20260724164405
20260724165051
20260724174906
20260725010908
20260725121329
20260725122346
20260725124155
20260725133151
20260725133848
20260725142718
20260725191020
20260725191217
20260725192805
20260725193238
20260725193348
20260725200128
20260725203606
20260726120000
20260726120500
20260726121000
20260726121500
20260728120000
20260728130000
20260730093831
20260730193934
20260730200000
20260730210000
20260730220000
20260730230000
20260731181047
20260801154933
20260801164717
20260801190015
20260801192157
20260801194213
20260802084804
20260804061003
20260807175655
20260808112029
20260808120200
20260809011105
20260809014624
20260809021227
20260809083000
20260809145448
20260809153516
20260811110922
20260811111836
20260811113356
20260811113636
20260811113746
20260811185953
20260812035813
20260813090741
20260813122238
20260813122307
20260813124546
20260813131545
20260813131931
20260819014801
20260820025635
20260820030546
20260820035650
20260820040326
20260820041405
20260820051306
20260820052021
20260820052203
20260820110144
20260820110448
20260820110553
20260820111147
20260820111209
20260820111729
20260821200557
20260821201245
20260821201616
20260821202257
